   86
   89
  115
  118
  366
  369
  402
  405
 2640
 2643
 2647
 2650
 2654
 2657
 2661
 2664
 2668
 2671
 2675
 2678
 2682
 2685
 2689
 2692
 2696
 2699
 2710
 2713
 2717
 2720
 2724
 2727
 2731
 2734
 2738
 2741
 2745
 2748
 2752
 2755
 2759
 2762
 2766
 2769
 2773
 2776
 2780
 2783
 2787
 2790
 2794
 2797
 2801
 2804
 2808
 2811
 2815
 2818
 2822
 2825
 2829
 2832
 2836
 2839
 2843
 2846
 2850
 2853
 2857
 2860
 2864
 2867
 2871
 2874
 2878
 2881
 2885
 2888
 2892
 2895
 2899
 2902
 2906
 2909
 2913
 2916
 2920
 2923
 2927
 2930
 2934
 2937
 2941
 2944
 2948
 2951
 2955
 2958
 2962
 2965
 2969
 2972
 2976
 2979
 2983
 2986
 2990
 2993
 2997
 3000
 3004
 3007
 3011
 3014
 3018
 3021
 3025
 3028
 3032
 3035
 3039
 3042
 3046
 3049
 3053
 3056
 3060
 3063
 3067
 3070
 3074
 3077
 3081
 3084
 3088
 3091
 3095
 3098
 3102
 3105
 3109
 3112
 3116
 3119
 3123
 3126
 3130
 3133
 3137
 3140
 3144
 3147
 3151
 3154
 3158
 3161
 3165
 3168
 3172
 3175
 3179
 3182
 3186
 3189
 3193
 3196
 3200
 3203
 3207
 3210
 3214
 3217
 3221
 3224
 3228
 3231
 3235
 3238
 3242
 3245
 3249
 3252
 3256
 3259
 3263
 3266
 3270
 3273
 3277
 3280
 3284
 3287
 3291
 3294
 3298
 3301
 3305
 3308
 3312
 3315
 3319
 3322
 3326
 3329
 3333
 3336
 3340
 3343
 3347
 3350
 3354
 3357
 3361
 3364
 3368
 3371
 3375
 3378
 3382
 3385
 3389
 3392
 3396
 3399
 3403
 3406
 3410
 3413
 3417
 3420
 3424
 3427
 3431
 3434
 3438
 3441
 3445
 3448
 3452
 3455
 3459
 3462
 3466
 3469
 3473
 3476
 3480
 3483
 3487
 3490
 4040
 4043
 4047
 4050
 4054
 4057
 4061
 4064
 4068
 4071
 4099
 4102
 4106
 4109
 4113
 4116
 4120
 4123
 4127
 4130
 4134
 4137
 4141
 4144
 4148
 4151
 4155
 4158
 4162
 4165
 4169
 4172
 4176
 4179
 4183
 4186
 4190
 4193
 4197
 4200
 4204
 4207
 4211
 4214
 4218
 4221
 4225
 4228
 4232
 4235
 4239
 4242
 4246
 4249
 4253
 4256
 4260
 4263
 4267
 4270
 4274
 4277
 4281
 4284
 4288
 4291
 4295
 4298
 4302
 4305
 4309
 4312
 4316
 4319
 4323
 4326
 4330
 4333
 4337
 4340
 4344
 4347
 4351
 4354
 4358
 4361
 4365
 4368
 4372
 4375
 4379
 4382
 4386
 4389
 4393
 4396
 4400
 4403
 4407
 4410
 4414
 4417
 4421
 4424
 4428
 4431
 4435
 4438
 4442
 4445
 4449
 4452
 4456
 4459
 4463
 4466
 4470
 4473
 4477
 4480
 4484
 4487
 4491
 4494
 4498
 4501
 4505
 4508
 4512
 4515
 4519
 4522
 4526
 4529
 4533
 4536
 4540
 4543
 4547
 4550
 4554
 4557
 4561
 4564
 4568
 4571
 4575
 4578
 4582
 4585
 4589
 4592
